[[  1.64544724e-06   3.84472758e-01   1.55854428e+00   2.50676680e+00
    2.74818397e+00   2.52276731e+00   2.42594981e+00   1.80525506e+00
    1.30126143e+00   1.48938727e+00   1.74201846e+00   3.03194618e+00
    3.75545502e+00   3.09742141e+00   2.03475904e+00   1.83760083e+00
    1.82357001e+00   1.65629363e+00   1.51563239e+00   1.46853089e+00
    1.41733038e+00   1.50113344e+00   1.70874286e+00   1.53982806e+00
    1.44013858e+00   1.43911433e+00   1.73745549e+00   1.80605674e+00
    1.53491461e+00   1.84513533e+00   2.13575196e+00   2.46682858e+00
    2.69337964e+00   2.60299325e+00   2.37771511e+00   2.40625262e+00
    2.44124770e+00   2.22005820e+00   1.99036396e+00   1.97404897e+00
    2.71251202e+00   3.22283196e+00   3.11925459e+00   3.33893561e+00
    3.52635527e+00   6.04743052e+00   7.59381914e+00   7.71582508e+00
    6.56978798e+00   4.32178068e+00   4.53978586e+00   5.12244654e+00
    1.07330894e+01   1.50113611e+01   1.57529287e+01   1.53720427e+01
    1.32267570e+01   9.02463150e+00   4.84460211e+00   2.23947072e+00
    1.71800232e+00   1.89725602e+00   2.10122275e+00   1.90918207e+00
    1.85248995e+00   2.04887128e+00   2.23108077e+00   2.30544710e+00
    2.32943940e+00   2.47463942e+00   2.55073667e+00   2.32089782e+00
    2.04578209e+00   2.03989196e+00   2.02371836e+00   1.98259342e+00
    1.94641602e+00   1.86139786e+00   1.90079558e+00   1.90530670e+00
    1.97966743e+00   2.39652967e+00   2.46912956e+00   3.65550137e+00
    9.00084972e+00   1.16894512e+01   1.24243393e+01   1.21661348e+01
    9.03860760e+00   5.99703503e+00   5.01257372e+00   5.11916494e+00
    8.52814579e+00   1.45532141e+01   1.58341856e+01   1.50976620e+01
    1.34823608e+01   1.14230528e+01   7.90084648e+00   4.16329765e+00
    4.36779785e+00   3.98457384e+00   3.76322913e+00   3.88276076e+00
    3.30732298e+00   3.22956324e+00   2.93401027e+00   3.05403161e+00
    3.04579830e+00   3.03178167e+00   2.70691895e+00   2.40336871e+00
    2.33208752e+00   2.46461082e+00   2.34091520e+00   1.99365664e+00
    2.80528927e+00   3.04491210e+00   2.33543038e+00   2.17879772e+00
    1.73564208e+00   1.25274694e+00   1.09006894e+00   1.24992752e+00
    1.47072184e+00   1.47437584e+00   1.65595496e+00   1.73835468e+00
    1.65371752e+00   1.64801037e+00   1.81593406e+00   1.94598055e+00
    1.83622229e+00   1.81037271e+00   1.86300004e+00   1.84103560e+00
    1.83271134e+00   2.46200132e+00   2.60923624e+00   2.86619973e+00
    3.34998107e+00   3.51966405e+00   3.77934027e+00   3.17457366e+00
    2.55227184e+00   2.42176700e+00   2.36985350e+00   2.76699495e+00
    3.11226249e+00   2.65472007e+00   3.84059477e+00   4.05515337e+00
    3.54669595e+00   4.53392363e+00   5.98268557e+00   7.24631786e+00
    7.49079323e+00   5.79857206e+00   7.16100025e+00   8.41208076e+00
    7.20186520e+00   5.36000013e+00   8.45653439e+00   1.33937893e+01
    1.50448303e+01   1.53968859e+01   1.49316406e+01   1.48209887e+01
    1.29089622e+01   6.36969805e+00   2.88193178e+00   3.69621682e+00
    7.71938276e+00   1.12241316e+01   1.47522163e+01   1.71688271e+01
    1.66177635e+01   1.34730082e+01   1.18443050e+01   1.33287363e+01
    1.35040541e+01   1.35284901e+01   1.40909901e+01   1.26567087e+01
    9.58438396e+00   5.87511683e+00   2.64127493e+00   1.65647280e+00
    1.47518289e+00   1.46104574e+00   1.45830846e+00   1.30726302e+00
    1.46734154e+00   1.76802504e+00   1.66000831e+00   1.52822876e+00
    1.31573582e+00   1.19468617e+00   1.10407257e+00   1.34271300e+00
    1.98359823e+00   2.09950805e+00   1.66184163e+00   1.59239352e+00
    1.61290395e+00   1.61181128e+00   1.56247091e+00   1.43477678e+00
    1.28456700e+00   1.14900780e+00   1.46596372e+00   1.75044429e+00
    1.53853405e+00   1.58381748e+00   1.56739175e+00   1.58934784e+00
    1.67261851e+00   1.47796428e+00   1.31259954e+00   1.36132824e+00
    1.33437049e+00   1.43959212e+00   1.21708834e+00   1.10551512e+00
    1.08456326e+00   1.00659621e+00   1.12101614e+00   1.13492906e+00
    1.18740106e+00   1.30653346e+00   1.21570373e+00   1.12414598e+00
    1.09933996e+00   1.09399498e+00   1.17053425e+00   1.20653570e+00
    1.12704182e+00   1.11785650e+00   1.21192753e+00   1.16988075e+00
    1.09689867e+00   1.08271289e+00   1.14841664e+00   1.22428954e+00
    1.30454004e+00   1.39508569e+00   1.32908165e+00   1.14013982e+00
    9.14768517e-01   9.15203929e-01   1.69109535e+00   2.48259807e+00
    2.55315185e+00   2.48556328e+00   1.91960633e+00   1.88860631e+00
    1.63346994e+00   1.39539611e+00   1.55484509e+00   1.90289950e+00
    2.38474107e+00   1.99826586e+00   1.54022658e+00   1.56860375e+00
    1.59793532e+00   1.80123186e+00   1.89473510e+00   1.71322203e+00
    1.66903365e+00   1.75702178e+00   1.91994047e+00   1.79701853e+00
    1.59391630e+00   1.65708160e+00   1.99243748e+00   1.98768365e+00
    2.02522159e+00   2.28538918e+00   1.85298610e+00   1.79405546e+00]][[  1.64544724e-06   3.84472758e-01   1.55854428e+00   2.50676680e+00
    2.74818397e+00   2.52276731e+00   2.42594981e+00   1.80525506e+00
    1.30126143e+00   1.48938727e+00]]